leftArm1.txt 30 4 0.0333333
-1.54457 -0.74479 1.11332 -0.314112 
-1.53957 -0.742323 1.10961 -0.31307 
-1.52457 -0.734923 1.09847 -0.309944 
-1.49957 -0.72259 1.0799 -0.304734 
-1.46457 -0.705323 1.05391 -0.297441 
-1.41957 -0.683124 1.02049 -0.288063 
-1.36457 -0.65599 0.97964 -0.276602 
-1.29957 -0.623924 0.931366 -0.263057 
-1.22782 -0.588527 0.87808 -0.248106 
-1.15588 -0.553037 0.824652 -0.233114 
-1.08393 -0.517546 0.771224 -0.218123 
-1.01199 -0.482056 0.717796 -0.203131 
-0.940053 -0.446565 0.664368 -0.18814 
-0.868112 -0.411074 0.61094 -0.173149 
-0.796172 -0.375584 0.557512 -0.158157 
-0.724231 -0.340093 0.504084 -0.143166 
-0.65229 -0.304602 0.450656 -0.128174 
-0.580349 -0.269112 0.397227 -0.113183 
-0.508409 -0.233621 0.343799 -0.0981916 
-0.436468 -0.198131 0.290371 -0.0832003 
-0.364527 -0.16264 0.236943 -0.0682089 
-0.292588 -0.12715 0.183516 -0.0532177 
-0.225808 -0.0942055 0.133921 -0.0393019 
-0.169029 -0.0661944 0.0917529 -0.0274699 
-0.12225 -0.0431166 0.0570113 -0.0177217 
-0.0854702 -0.0249722 0.0296964 -0.0100574 
-0.0586908 -0.011761 0.00980813 -0.004477 
-0.0419113 -0.0034832 -0.00265342 -0.000980409 
-0.0351319 -0.000138689 -0.0076883 0.000432326 
-0.0349736 -6.05851e-05 -0.00780587 0.000465318 
