leftArm3.txt 35 4 0.0285714
-1.54456 -2.08558 0.925178 -0.0272678 
-1.54094 -2.08058 0.92296 -0.0272088 
-1.53008 -2.06558 0.916306 -0.0270319 
-1.51198 -2.04058 0.905216 -0.026737 
-1.48665 -2.00558 0.889689 -0.0263241 
-1.45408 -1.96058 0.869727 -0.0257933 
-1.41426 -1.90558 0.845328 -0.0251445 
-1.36721 -1.84058 0.816494 -0.0243778 
-1.31292 -1.76558 0.783223 -0.0234931 
-1.25334 -1.68328 0.746711 -0.0225222 
-1.1935 -1.6006 0.710033 -0.021547 
-1.13365 -1.51792 0.673356 -0.0205717 
-1.0738 -1.43524 0.636678 -0.0195964 
-1.01395 -1.35256 0.600001 -0.0186211 
-0.954103 -1.26988 0.563323 -0.0176459 
-0.894255 -1.1872 0.526646 -0.0166706 
-0.834407 -1.10452 0.489968 -0.0156953 
-0.774559 -1.02184 0.453291 -0.01472 
-0.71471 -0.939159 0.416613 -0.0137448 
-0.654862 -0.856479 0.379936 -0.0127695 
-0.595014 -0.7738 0.343258 -0.0117942 
-0.535166 -0.69112 0.306581 -0.0108189 
-0.475317 -0.60844 0.269903 -0.00984366 
-0.415469 -0.52576 0.233226 -0.00886838 
-0.355621 -0.443081 0.196548 -0.00789311 
-0.295773 -0.360401 0.159871 -0.00691783 
-0.238104 -0.280733 0.124529 -0.00597808 
-0.187493 -0.210813 0.0935122 -0.00515332 
-0.14412 -0.150894 0.0669314 -0.00444652 
-0.107985 -0.100975 0.0447868 -0.00385768 
-0.0790895 -0.0610553 0.0270782 -0.0033868 
-0.0574322 -0.031136 0.0138057 -0.00303388 
-0.0430135 -0.0112167 0.00496929 -0.00279891 
-0.0358334 -0.00129736 0.00056899 -0.00268191 
-0.0349575 -8.73778e-05 3.22315e-05 -0.00266763 
