leftArm2.txt 35 4 0.0285714
-0.0349736 -6.05834e-05 -0.00780532 0.000465313 
-0.0385928 -0.00506058 -0.00556851 0.000398824 
-0.0494504 -0.0200606 0.00114191 0.000199356 
-0.0675463 -0.0450606 0.012326 -0.000133091 
-0.0928807 -0.0800606 0.0279836 -0.000598516 
-0.125453 -0.125061 0.0481149 -0.00119692 
-0.165265 -0.180061 0.0727198 -0.0019283 
-0.212314 -0.245061 0.101798 -0.00279266 
-0.266602 -0.32006 0.13535 -0.00378999 
-0.326179 -0.402368 0.172171 -0.00488451 
-0.386026 -0.485047 0.209159 -0.00598397 
-0.445873 -0.567727 0.246147 -0.00708344 
-0.50572 -0.650407 0.283135 -0.0081829 
-0.565567 -0.733086 0.320122 -0.00928237 
-0.625413 -0.815766 0.35711 -0.0103818 
-0.68526 -0.898446 0.394098 -0.0114813 
-0.745107 -0.981125 0.431085 -0.0125808 
-0.804954 -1.06381 0.468073 -0.0136802 
-0.864801 -1.14648 0.505061 -0.0147797 
-0.924647 -1.22916 0.542049 -0.0158791 
-0.984494 -1.31184 0.579036 -0.0169786 
-1.04434 -1.39452 0.616024 -0.0180781 
-1.10419 -1.4772 0.653012 -0.0191775 
-1.16403 -1.55988 0.689999 -0.020277 
-1.22388 -1.64256 0.726987 -0.0213765 
-1.28373 -1.72524 0.763975 -0.0224759 
-1.3414 -1.80491 0.799617 -0.0235354 
-1.39201 -1.87484 0.830897 -0.0244652 
-1.43538 -1.93476 0.857704 -0.025262 
-1.47152 -1.98468 0.880038 -0.0259259 
-1.50042 -2.0246 0.897898 -0.0264568 
-1.52208 -2.05453 0.911284 -0.0268547 
-1.5365 -2.07445 0.920197 -0.0271196 
-1.54368 -2.08437 0.924636 -0.0272516 
-1.54456 -2.08558 0.925178 -0.0272677 
