leftArm0.txt 31 4 0.0322581
0 -1.36079e-07 5.46206e-07 -4.24143e-12 
-0.00499985 -1.36079e-07 5.46206e-07 -4.24143e-12 
-0.0199976 -3.87451e-05 5.82593e-05 -1.62832e-05 
-0.0418427 -0.00386764 0.00578173 -0.0016311 
-0.0631579 -0.0139379 0.0208348 -0.00587819 
-0.0937213 -0.0290164 0.0433743 -0.0122375 
-0.134285 -0.0490283 0.0732883 -0.0206774 
-0.184848 -0.0739738 0.110577 -0.031198 
-0.245412 -0.103853 0.15524 -0.0437993 
-0.315307 -0.138336 0.206786 -0.0583423 
-0.387248 -0.173827 0.259839 -0.0733109 
-0.459188 -0.209319 0.312893 -0.0882794 
-0.531129 -0.244811 0.365947 -0.103248 
-0.60307 -0.280303 0.419 -0.118217 
-0.67501 -0.315795 0.472054 -0.133185 
-0.746951 -0.351287 0.525108 -0.148154 
-0.818892 -0.386779 0.578161 -0.163122 
-0.890832 -0.422271 0.631215 -0.178091 
-0.962773 -0.457763 0.684269 -0.193059 
-1.03471 -0.493255 0.737323 -0.208028 
-1.10665 -0.528747 0.790376 -0.222996 
-1.1786 -0.564239 0.84343 -0.237965 
-1.25054 -0.599731 0.896484 -0.252934 
-1.32118 -0.634581 0.948578 -0.267632 
-1.38302 -0.665091 0.994184 -0.280499 
-1.43486 -0.690667 1.03242 -0.291285 
-1.4767 -0.711309 1.06327 -0.299991 
-1.50854 -0.727018 1.08675 -0.306616 
-1.53038 -0.737793 1.10286 -0.311161 
-1.54223 -0.743635 1.11159 -0.313625 
-1.54457 -0.74479 1.11332 -0.314112 
