rightArm1.txt 35 4 0.0285714
1.54454 2.0856 0.925191 0.0366391 
1.54093 2.0806 0.923 0.0365656 
1.53012 2.0656 0.916428 0.0363452 
1.51209 2.0406 0.905474 0.0359778 
1.48685 2.0056 0.890138 0.0354634 
1.4544 1.9606 0.870421 0.0348021 
1.41474 1.9056 0.846322 0.0339938 
1.36787 1.8406 0.817842 0.0330385 
1.31379 1.7656 0.78498 0.0319363 
1.25444 1.68329 0.748916 0.0307267 
1.19482 1.60061 0.712689 0.0295117 
1.1352 1.51793 0.676462 0.0282966 
1.07559 1.43525 0.640235 0.0270815 
1.01597 1.35257 0.604008 0.0258665 
0.956348 1.26989 0.567781 0.0246514 
0.896729 1.18721 0.531554 0.0234363 
0.83711 1.10453 0.495327 0.0222213 
0.777491 1.02186 0.4591 0.0210062 
0.717873 0.939176 0.422874 0.0197911 
0.658254 0.856496 0.386647 0.0185761 
0.598635 0.773816 0.35042 0.017361 
0.539016 0.691136 0.314193 0.0161459 
0.479397 0.608457 0.277966 0.0149309 
0.419778 0.525777 0.241739 0.0137158 
0.36016 0.443097 0.205512 0.0125007 
0.300541 0.360418 0.169285 0.0112857 
0.242587 0.280047 0.13407 0.0101045 
0.191473 0.209162 0.103011 0.00906279 
0.147571 0.148278 0.0763339 0.00816803 
0.110879 0.0973932 0.0540383 0.00742022 
0.0813976 0.0565087 0.0361244 0.00681938 
0.0591274 0.0256242 0.022592 0.0063655 
0.0440679 0.00473972 0.0134413 0.00605858 
0.0362193 -0.00614478 0.00867213 0.00589862 
0.0349709 -0.00787615 0.00791352 0.00587318 
