rightArm0.txt 37 4 0.027027
0 1.36652e-07 5.46212e-07 -5.88468e-12 
0.00499985 1.36652e-07 5.46212e-07 -5.88468e-12 
0.019987 8.67275e-05 3.89586e-05 1.52119e-06 
0.037813 0.00637238 0.00282733 0.000111945 
0.0508846 0.0220743 0.00979281 0.000387789 
0.0694123 0.0476707 0.0211476 0.000837457 
0.0951783 0.0832672 0.0369385 0.0014628 
0.128183 0.128864 0.0571655 0.00226382 
0.168425 0.18446 0.0818286 0.00324052 
0.215906 0.250057 0.110928 0.00439289 
0.270625 0.325652 0.144463 0.00572093 
0.330306 0.408103 0.181038 0.00716938 
0.390153 0.490783 0.217716 0.00862186 
0.449999 0.573462 0.254393 0.0100743 
0.509846 0.656142 0.291071 0.0115268 
0.569692 0.738822 0.327748 0.0129793 
0.629539 0.821501 0.364425 0.0144318 
0.689385 0.904181 0.401103 0.0158843 
0.749232 0.986861 0.43778 0.0173368 
0.809078 1.06954 0.474458 0.0187892 
0.868925 1.15222 0.511135 0.0202417 
0.928771 1.2349 0.547813 0.0216942 
0.988618 1.31758 0.58449 0.0231467 
1.04846 1.40026 0.621167 0.0245992 
1.10831 1.48294 0.657845 0.0260517 
1.16816 1.56562 0.694522 0.0275041 
1.228 1.6483 0.7312 0.0289566 
1.28785 1.73098 0.767877 0.0304091 
1.34511 1.81009 0.802971 0.0317989 
1.39523 1.87932 0.833683 0.0330151 
1.4381 1.93855 0.859958 0.0340557 
1.47373 1.98778 0.881797 0.0349205 
1.50213 2.02701 0.899201 0.0356097 
1.52329 2.05624 0.912168 0.0361232 
1.53721 2.07548 0.920699 0.0364611 
1.54389 2.08471 0.924794 0.0366233 
1.54454 2.0856 0.925191 0.036639 
