rightArm3.txt 30 4 0.0333333
1.54454 0.697753 1.11331 0.172382 
1.53954 0.695468 1.10962 0.171789 
1.52454 0.688613 1.09856 0.17001 
1.49954 0.677187 1.08012 0.167046 
1.46454 0.66119 1.05431 0.162896 
1.41954 0.640623 1.02113 0.15756 
1.36454 0.615486 0.980568 0.151038 
1.29954 0.585778 0.932635 0.14333 
1.2278 0.552986 0.879724 0.134822 
1.15585 0.520106 0.826672 0.126292 
1.08391 0.487226 0.773621 0.117761 
1.01197 0.454346 0.720569 0.10923 
0.940032 0.421466 0.667517 0.1007 
0.868092 0.388586 0.614466 0.0921693 
0.796151 0.355707 0.561414 0.0836386 
0.72421 0.322827 0.508362 0.075108 
0.652269 0.289947 0.455311 0.0665774 
0.580329 0.257067 0.402259 0.0580468 
0.508388 0.224187 0.349207 0.0495162 
0.436447 0.191307 0.296155 0.0409856 
0.364507 0.158427 0.243104 0.032455 
0.292567 0.125548 0.190053 0.0239246 
0.22579 0.0950283 0.140809 0.0160062 
0.169013 0.0690788 0.0989396 0.0092737 
0.122236 0.0476997 0.0644445 0.00372694 
0.0854587 0.0308911 0.0373237 -0.000634028 
0.0586816 0.0186528 0.0175772 -0.00380922 
0.0419044 0.0109849 0.00520514 -0.00579862 
0.0351273 0.00788751 0.000207419 -0.00660225 
0.0349693 0.00781534 9.09685e-05 -0.00662097 
