rightArm2.txt 30 4 0.0333333
0.0349709 -0.00787614 0.00791407 0.00587318 
0.0399709 -0.00553896 0.0115753 0.00642469 
0.0549709 0.00147258 0.0225592 0.00807922 
0.0799709 0.0131585 0.0408655 0.0108368 
0.114971 0.0295188 0.0664944 0.0146973 
0.159971 0.0505534 0.0994459 0.0196609 
0.214971 0.0762624 0.13972 0.0257275 
0.279971 0.106646 0.187316 0.0328971 
0.35172 0.140184 0.239855 0.0408113 
0.423661 0.173812 0.292534 0.0487465 
0.495602 0.207439 0.345213 0.0566817 
0.567543 0.241067 0.397892 0.0646169 
0.639483 0.274695 0.450571 0.072552 
0.711424 0.308323 0.50325 0.0804872 
0.783365 0.34195 0.555929 0.0884224 
0.855305 0.375578 0.608608 0.0963576 
0.927246 0.409206 0.661287 0.104293 
0.999187 0.442833 0.713966 0.112228 
1.07113 0.476461 0.766644 0.120163 
1.14307 0.510089 0.819323 0.128098 
1.21501 0.543716 0.872002 0.136034 
1.28695 0.577343 0.92468 0.143969 
1.35373 0.608557 0.973578 0.151334 
1.4105 0.635097 1.01515 0.157597 
1.45728 0.656962 1.04941 0.162756 
1.49406 0.674153 1.07634 0.166813 
1.52083 0.68667 1.09594 0.169767 
1.53761 0.694512 1.10823 0.171617 
1.54439 0.69768 1.11319 0.172365 
1.54454 0.697753 1.11331 0.172382 
