leftArm2.txt 20 4 0.05
-0.145511 -0.00791829 -1.3956 0.521515 
-0.145511 -0.0079177 -1.39565 0.526515 
-0.145512 -0.00791591 -1.39579 0.541515 
-0.145512 -0.00791294 -1.39604 0.566515 
-0.145514 -0.00790878 -1.39638 0.601515 
-0.145515 -0.00790343 -1.39682 0.646515 
-0.145517 -0.00789689 -1.39736 0.701515 
-0.145519 -0.00788916 -1.39799 0.766515 
-0.145522 -0.00788063 -1.39869 0.838265 
-0.145524 -0.00787208 -1.39939 0.910205 
-0.145527 -0.00786353 -1.40009 0.982146 
-0.145529 -0.00785498 -1.4008 1.05409 
-0.145531 -0.00784682 -1.40146 1.12273 
-0.145533 -0.00783982 -1.40204 1.18154 
-0.145535 -0.00783402 -1.40251 1.23036 
-0.145536 -0.00782941 -1.40289 1.26918 
-0.145537 -0.00782598 -1.40317 1.29799 
-0.145538 -0.00782374 -1.40336 1.31681 
-0.145538 -0.0078227 -1.40344 1.32563 
-0.145538 -0.00782261 -1.40345 1.32636 
