leftArm1.txt 24 4 0.0416667
-1.22388 -0.00777141 -0.870358 0.173153 
-1.21888 -0.00777209 -0.872794 0.174768 
-1.20388 -0.00777414 -0.8801 0.179614 
-1.17888 -0.00777754 -0.892277 0.18769 
-1.14388 -0.00778231 -0.909324 0.198997 
-1.09888 -0.00778844 -0.931242 0.213534 
-1.04388 -0.00779593 -0.958031 0.231301 
-0.978875 -0.00780478 -0.989691 0.252299 
-0.907126 -0.00781455 -1.02464 0.275478 
-0.835185 -0.00782435 -1.05968 0.298718 
-0.763244 -0.00783415 -1.09472 0.321958 
-0.691304 -0.00784395 -1.12976 0.345198 
-0.619363 -0.00785375 -1.1648 0.368439 
-0.547422 -0.00786355 -1.19984 0.391679 
-0.475482 -0.00787335 -1.23488 0.414919 
-0.403541 -0.00788315 -1.26992 0.438159 
-0.336704 -0.00789225 -1.30247 0.459751 
-0.279867 -0.00789999 -1.33016 0.478112 
-0.233029 -0.00790637 -1.35297 0.493242 
-0.196192 -0.00791139 -1.37091 0.505143 
-0.169354 -0.00791505 -1.38399 0.513812 
-0.152517 -0.00791734 -1.39219 0.519252 
-0.14568 -0.00791827 -1.39552 0.52146 
-0.145511 -0.00791829 -1.3956 0.521515 
