leftArm0.txt 27 4 0.037037
0 -1.36079e-07 5.46206e-07 -4.24143e-12 
-0.00499985 -1.36079e-07 5.46206e-07 -4.24143e-12 
-0.019998 -6.75847e-07 -5.99054e-05 1.20265e-05 
-0.0418728 -5.2826e-05 -0.00590048 0.00117397 
-0.0638138 -0.000189081 -0.0211604 0.00420984 
-0.0948746 -0.000392101 -0.0438977 0.00873331 
-0.135935 -0.000660484 -0.0739554 0.0147131 
-0.186996 -0.00099423 -0.111333 0.0221492 
-0.248057 -0.00139334 -0.156032 0.0310417 
-0.318256 -0.00185218 -0.20742 0.0412651 
-0.390197 -0.0023224 -0.260082 0.051742 
-0.462138 -0.00279262 -0.312745 0.0622189 
-0.534079 -0.00326284 -0.365408 0.0726958 
-0.606019 -0.00373307 -0.41807 0.0831728 
-0.67796 -0.00420329 -0.470733 0.0936497 
-0.749901 -0.00467351 -0.523396 0.104127 
-0.821841 -0.00514373 -0.576058 0.114604 
-0.893782 -0.00561395 -0.628721 0.12508 
-0.965722 -0.00608417 -0.681383 0.135557 
-1.03258 -0.00652115 -0.730323 0.145294 
-1.08943 -0.00689276 -0.771942 0.153573 
-1.13629 -0.00719902 -0.806241 0.160397 
-1.17314 -0.00743991 -0.833219 0.165764 
-1.19999 -0.00761543 -0.852877 0.169675 
-1.21685 -0.0077256 -0.865215 0.17213 
-1.2237 -0.0077704 -0.870233 0.173128 
-1.22388 -0.00777152 -0.870359 0.173153 
