leftArm3.txt 28 4 0.0357143
-0.145538 -0.00782261 -1.40345 1.32636 
-0.145144 -0.00782244 -1.39845 1.32163 
-0.143963 -0.00782194 -1.38345 1.30746 
-0.141994 -0.00782111 -1.35845 1.28384 
-0.139237 -0.00781995 -1.32345 1.25077 
-0.135693 -0.00781845 -1.27845 1.20825 
-0.131361 -0.00781662 -1.22345 1.15628 
-0.126242 -0.00781445 -1.15845 1.09486 
-0.120394 -0.00781198 -1.0842 1.02471 
-0.114397 -0.00780945 -1.00806 0.952769 
-0.1084 -0.00780691 -0.931925 0.880828 
-0.102403 -0.00780438 -0.855786 0.808887 
-0.0964065 -0.00780185 -0.779648 0.736947 
-0.0904096 -0.00779931 -0.703509 0.665006 
-0.0844128 -0.00779678 -0.62737 0.593065 
-0.078416 -0.00779424 -0.551231 0.521125 
-0.0724192 -0.00779171 -0.475093 0.449184 
-0.0664224 -0.00778917 -0.398954 0.377243 
-0.0604256 -0.00778664 -0.322815 0.305303 
-0.0545557 -0.00778416 -0.248288 0.234885 
-0.0493999 -0.00778198 -0.182827 0.173033 
-0.0450316 -0.00778013 -0.127365 0.12063 
-0.041451 -0.00777862 -0.0819043 0.0776749 
-0.0386581 -0.00777744 -0.046443 0.0441689 
-0.0366527 -0.00777659 -0.0209818 0.0201115 
-0.0354349 -0.00777608 -0.00552053 0.00550276 
-0.0350048 -0.00777589 -5.9288e-05 0.000342639 
-0.035004 -0.00777589 -4.86508e-05 0.000332588 
