rightArm1.txt 28 4 0.0357143
1.54452 3.02632e-05 1.38776 -0.869991 
1.53966 0.00503026 1.38843 -0.867508 
1.52507 0.0200303 1.39045 -0.86006 
1.50076 0.0450303 1.3938 -0.847646 
1.46672 0.0800303 1.39849 -0.830267 
1.42295 0.12503 1.40453 -0.807922 
1.36946 0.18003 1.41191 -0.780611 
1.30624 0.24503 1.42063 -0.748335 
1.23507 0.318211 1.43044 -0.711997 
1.16313 0.39218 1.44037 -0.675267 
1.09119 0.46615 1.45029 -0.638537 
1.01925 0.54012 1.46021 -0.601807 
0.947307 0.61409 1.47013 -0.565077 
0.875366 0.68806 1.48005 -0.528347 
0.803425 0.76203 1.48998 -0.491617 
0.731484 0.835999 1.4999 -0.454887 
0.659544 0.909969 1.50982 -0.418157 
0.587603 0.983939 1.51974 -0.381427 
0.515662 1.05791 1.52966 -0.344697 
0.443725 1.13187 1.53959 -0.307969 
0.376913 1.20057 1.5488 -0.273857 
0.319827 1.25927 1.55667 -0.244711 
0.272466 1.30796 1.56321 -0.220531 
0.234831 1.34666 1.5684 -0.201316 
0.206922 1.37536 1.57225 -0.187067 
0.188738 1.39405 1.57475 -0.177783 
0.180281 1.40275 1.57592 -0.173465 
0.179616 1.40343 1.57601 -0.173125 
