rightArm3.txt 28 4 0.0357143
0.182395 1.40342 1.50539 -1.32641 
0.181906 1.39879 1.50039 -1.32199 
0.180436 1.38488 1.48539 -1.30872 
0.177988 1.36171 1.46039 -1.28659 
0.17456 1.32926 1.42539 -1.25562 
0.170152 1.28754 1.38039 -1.21581 
0.164765 1.23655 1.32539 -1.16714 
0.158399 1.17629 1.26039 -1.10963 
0.151053 1.10677 1.18539 -1.04326 
0.143099 1.03148 1.10419 -0.971409 
0.135136 0.95611 1.02288 -0.899468 
0.127173 0.880736 0.941581 -0.827527 
0.11921 0.805363 0.860277 -0.755587 
0.111247 0.72999 0.778974 -0.683646 
0.103283 0.654617 0.697671 -0.611705 
0.09532 0.579244 0.616367 -0.539765 
0.0873568 0.50387 0.535064 -0.467824 
0.0793936 0.428497 0.453761 -0.395883 
0.0714303 0.353124 0.372457 -0.323943 
0.0635813 0.278832 0.29232 -0.253033 
0.0565807 0.21257 0.220845 -0.18979 
0.0505596 0.15558 0.15937 -0.135394 
0.0455179 0.10786 0.107896 -0.0898474 
0.0414557 0.06941 0.0664212 -0.0531489 
0.038373 0.0402312 0.0349466 -0.0252988 
0.0362696 0.0203229 0.013472 -0.0062972 
0.0351458 0.00968522 0.00199738 0.00385602 
0.0349405 0.00774208 -9.8644e-05 0.00571067 
