rightArm0.txt 31 4 0.0322581
0 1.36079e-07 5.46206e-07 4.24153e-12 
0.00499985 1.36079e-07 5.46206e-07 4.24153e-12 
0.0199974 1.37577e-07 6.94746e-05 -4.32113e-05 
0.0404069 2.70172e-07 0.00616952 -0.00386734 
0.0589182 6.15883e-07 0.022074 -0.0138379 
0.086271 1.16245e-06 0.0472189 -0.0296013 
0.123624 1.90884e-06 0.0815568 -0.0511277 
0.170977 2.85506e-06 0.125087 -0.0784172 
0.228329 4.00109e-06 0.177811 -0.11147 
0.295671 5.34673e-06 0.239717 -0.150279 
0.367612 6.78426e-06 0.305851 -0.191738 
0.439552 8.2218e-06 0.371984 -0.233197 
0.511493 9.65933e-06 0.438118 -0.274657 
0.583434 1.10969e-05 0.504252 -0.316116 
0.655374 1.25344e-05 0.570386 -0.357576 
0.727315 1.39719e-05 0.63652 -0.399035 
0.799256 1.54095e-05 0.702654 -0.440495 
0.871197 1.6847e-05 0.768788 -0.481954 
0.943137 1.82845e-05 0.834922 -0.523413 
1.01508 1.97221e-05 0.901055 -0.564873 
1.08702 2.11596e-05 0.967189 -0.606332 
1.15896 2.25971e-05 1.03332 -0.647792 
1.2309 2.40347e-05 1.09946 -0.689251 
1.30256 2.54666e-05 1.16533 -0.730548 
1.36712 2.67567e-05 1.22468 -0.767757 
1.42169 2.7847e-05 1.27485 -0.799202 
1.46625 2.87375e-05 1.31581 -0.824885 
1.50082 2.94282e-05 1.34759 -0.844805 
1.52538 2.99191e-05 1.37017 -0.858961 
1.53995 3.02101e-05 1.38356 -0.867355 
1.54452 3.03015e-05 1.38776 -0.869991 
