rightArm2.txt 28 4 0.0357143
0.179616 1.40343 1.57601 -0.173125 
0.179625 1.40343 1.57579 -0.176674 
0.17965 1.40343 1.57514 -0.18732 
0.179693 1.40343 1.57406 -0.205064 
0.179753 1.40343 1.57253 -0.229905 
0.17983 1.40343 1.57058 -0.261843 
0.179924 1.40343 1.56819 -0.300879 
0.180035 1.40343 1.56536 -0.347013 
0.180163 1.40343 1.5621 -0.400244 
0.180309 1.40343 1.55841 -0.460572 
0.180471 1.40343 1.55428 -0.527997 
0.180644 1.40343 1.54988 -0.599866 
0.180818 1.40343 1.54548 -0.671807 
0.180991 1.40343 1.54107 -0.743747 
0.181165 1.40343 1.53667 -0.815688 
0.181338 1.40343 1.53226 -0.887629 
0.181511 1.40343 1.52786 -0.959569 
0.181677 1.40343 1.52365 -1.02818 
0.181825 1.40343 1.51989 -1.08969 
0.181956 1.40343 1.51656 -1.14411 
0.18207 1.40343 1.51366 -1.19143 
0.182167 1.40343 1.51119 -1.23166 
0.182247 1.40342 1.50917 -1.26478 
0.18231 1.40342 1.50757 -1.29081 
0.182355 1.40342 1.50641 -1.30974 
0.182384 1.40342 1.50569 -1.32158 
0.182395 1.40342 1.5054 -1.32631 
0.182395 1.40342 1.50539 -1.32641 
